{
 "cells": [
  {
   "cell_type": "code",
   "execution_count": 1,
   "metadata": {},
   "outputs": [],
   "source": [
    "import torch.nn as nn\n",
    "import pandas as pd\n",
    "import json\n",
    "import os\n",
    "import numpy as np\n",
    "import pickle\n",
    "import json\n",
    "import scipy\n",
    "from torch.utils.data import Dataset, DataLoader\n",
    "import torch\n",
    "from collections import defaultdict\n",
    "import time\n",
    "import matplotlib.pyplot as plt\n",
    "import seaborn as sns\n",
    "from datetime import timedelta\n",
    "\n",
    "# define random seeds for Neural Networks\n",
    "torch.manual_seed(0)\n",
    "np.random.seed(0)\n",
    "\n",
    "# ignore warnings jupyter notebook\n",
    "import warnings\n",
    "warnings.filterwarnings('ignore')"
   ]
  },
  {
   "cell_type": "code",
   "execution_count": 2,
   "metadata": {},
   "outputs": [],
   "source": [
    "# load config file\n",
    "with open('../utils/configs.json') as f:\n",
    "    config = json.load(f)"
   ]
  },
  {
   "cell_type": "code",
   "execution_count": 3,
   "metadata": {},
   "outputs": [],
   "source": [
    "def base_df(start_date = '2018-01-01', end_date = '2021-04-02'):\n",
    "    # generate all the dates between start and end date with 5 minutes interval\n",
    "    dates = pd.date_range(start_date, end_date, freq='5min')\n",
    "    df = pd.DataFrame(index=dates)\n",
    "    df.index.name = 'timestamp'\n",
    "    return df"
   ]
  },
  {
   "cell_type": "code",
   "execution_count": 4,
   "metadata": {},
   "outputs": [],
   "source": [
    "def base_df_metr(start_date = '2012-02-05', end_date = '2012-07-28'):\n",
    "    # generate all the dates between start and end date with 5 minutes interval\n",
    "    dates = pd.date_range(start_date, end_date, freq='5min')\n",
    "    df = pd.DataFrame(index=dates)\n",
    "    df.index.name = 'timestamp'\n",
    "    return df "
   ]
  },
  {
   "attachments": {},
   "cell_type": "markdown",
   "metadata": {},
   "source": [
    "#### ---------------------------- Hauge data processing ---------------------------- "
   ]
  },
  {
   "cell_type": "code",
   "execution_count": 13,
   "metadata": {},
   "outputs": [],
   "source": [
    "# declare the variables\n",
    "data_name = 'hauge'\n",
    "MODELS = [\"AE\", \"DAE\", \"HST\", \"PW-AE\", \"xStream\", \"Kit-Net\", \"ILOF\"]\n",
    "# MODELS = [\"AE\",\"DAE\",\"PW-AE\"]\n",
    "# MODELS = [\"AE\"]\n",
    "thresholds = [0, 0.1, 0.2, 0.3, 0.4, 0.5, 0.6,0.7,0.8,0.9, 1]\n",
    "earths_movers_distance = False"
   ]
  },
  {
   "cell_type": "code",
   "execution_count": 14,
   "metadata": {},
   "outputs": [
    {
     "name": "stdout",
     "output_type": "stream",
     "text": [
      "processing data hauge and model - AE \n",
      "processing data hauge and model - DAE \n",
      "processing data hauge and model - HST \n",
      "processing data hauge and model - PW-AE \n",
      "processing data hauge and model - xStream \n",
      "processing data hauge and model - Kit-Net \n",
      "processing data hauge and model - ILOF \n"
     ]
    }
   ],
   "source": [
    "for model_name in MODELS:\n",
    "    print(f\"processing data {data_name} and model - {model_name} \")\n",
    "    model_name = model_name\n",
    "    outlier_score_path = f'../results/{data_name}/outlier_scores/{model_name}'  # path to outlier scores\n",
    "    if earths_movers_distance:\n",
    "        outlier_score_path = outlier_score_path + \"_EMD\"\n",
    "    correlated_results = {}\n",
    "    # for each trajectory, direction and intersection, run AE model\n",
    "    for trajectory in config['trajectories']:\n",
    "        for direction in config['trajectories'][trajectory]:\n",
    "            key = trajectory+'_'+direction\n",
    "            correlated_results[key] = {}\n",
    "            df = base_df()\n",
    "            for intersection in config['trajectories'][trajectory][direction]:\n",
    "                file_path = os.path.join(outlier_score_path,intersection+'_'+direction+'.csv')\n",
    "                df_intersection = pd.read_csv(file_path) # load outlier scores\n",
    "                df_intersection['timestamp'] = pd.to_datetime(df_intersection['timestamp']) # convert timestamp to datetime\n",
    "                df_intersection.set_index('timestamp',inplace=True) # set timestamp as index\n",
    "                df_intersection = df_intersection.rename(columns={'outlier_score':intersection})\n",
    "                df = df.merge(df_intersection, on='timestamp', how='inner') # merge outlier scores with base df\n",
    "\n",
    "            normalized_df=(df-df.min())/(df.max()-df.min()) # apply min-max normalization\n",
    "            correlated_results[key] = normalized_df # save the results in a dictionary\n",
    "            \n",
    "            # # apply min-max normalization\n",
    "            # normalized_df=(df-df.min())/(df.max()-df.min())\n",
    "            # for threshold in thresholds:\n",
    "            #     normalized_df = normalized_df[normalized_df>threshold].dropna().corr()\n",
    "            #     correlated_results[key][threshold]= normalized_df\n",
    "\n",
    "\n",
    "    # save the results as pickle file\n",
    "    file_name = f'../results/{data_name}/outlier_scores/{model_name}/correlated_results.pickle'\n",
    "    if earths_movers_distance:\n",
    "        file_name = f'../results/{data_name}/outlier_scores/{model_name}_EMD/correlated_results.pickle'\n",
    "    \n",
    "    with open(file_name, 'wb') as f:\n",
    "        pickle.dump(correlated_results,f)"
   ]
  },
  {
   "cell_type": "code",
   "execution_count": 7,
   "metadata": {},
   "outputs": [
    {
     "data": {
      "text/html": [
       "<div>\n",
       "<style scoped>\n",
       "    .dataframe tbody tr th:only-of-type {\n",
       "        vertical-align: middle;\n",
       "    }\n",
       "\n",
       "    .dataframe tbody tr th {\n",
       "        vertical-align: top;\n",
       "    }\n",
       "\n",
       "    .dataframe thead th {\n",
       "        text-align: right;\n",
       "    }\n",
       "</style>\n",
       "<table border=\"1\" class=\"dataframe\">\n",
       "  <thead>\n",
       "    <tr style=\"text-align: right;\">\n",
       "      <th></th>\n",
       "      <th>K704</th>\n",
       "      <th>K702</th>\n",
       "      <th>K703</th>\n",
       "      <th>K159</th>\n",
       "      <th>K182</th>\n",
       "      <th>K183</th>\n",
       "      <th>K128</th>\n",
       "      <th>K139</th>\n",
       "      <th>K104</th>\n",
       "      <th>K101</th>\n",
       "      <th>K206</th>\n",
       "      <th>K074</th>\n",
       "      <th>K414</th>\n",
       "      <th>K415</th>\n",
       "      <th>K250</th>\n",
       "    </tr>\n",
       "  </thead>\n",
       "  <tbody>\n",
       "    <tr>\n",
       "      <th>K704</th>\n",
       "      <td>1.000000</td>\n",
       "      <td>0.078248</td>\n",
       "      <td>0.106316</td>\n",
       "      <td>0.127441</td>\n",
       "      <td>0.089510</td>\n",
       "      <td>0.104017</td>\n",
       "      <td>0.120931</td>\n",
       "      <td>0.082725</td>\n",
       "      <td>0.127393</td>\n",
       "      <td>0.084592</td>\n",
       "      <td>0.106614</td>\n",
       "      <td>0.073817</td>\n",
       "      <td>0.079350</td>\n",
       "      <td>0.045988</td>\n",
       "      <td>0.118079</td>\n",
       "    </tr>\n",
       "    <tr>\n",
       "      <th>K702</th>\n",
       "      <td>0.078248</td>\n",
       "      <td>1.000000</td>\n",
       "      <td>0.175842</td>\n",
       "      <td>0.126774</td>\n",
       "      <td>0.072088</td>\n",
       "      <td>0.054585</td>\n",
       "      <td>0.109346</td>\n",
       "      <td>0.119993</td>\n",
       "      <td>0.097248</td>\n",
       "      <td>0.056688</td>\n",
       "      <td>0.090972</td>\n",
       "      <td>0.066978</td>\n",
       "      <td>0.087226</td>\n",
       "      <td>0.058786</td>\n",
       "      <td>0.110491</td>\n",
       "    </tr>\n",
       "    <tr>\n",
       "      <th>K703</th>\n",
       "      <td>0.106316</td>\n",
       "      <td>0.175842</td>\n",
       "      <td>1.000000</td>\n",
       "      <td>0.142355</td>\n",
       "      <td>0.107490</td>\n",
       "      <td>0.100270</td>\n",
       "      <td>0.134906</td>\n",
       "      <td>0.140125</td>\n",
       "      <td>0.153556</td>\n",
       "      <td>0.114953</td>\n",
       "      <td>0.100978</td>\n",
       "      <td>0.064384</td>\n",
       "      <td>0.091266</td>\n",
       "      <td>0.048786</td>\n",
       "      <td>0.103033</td>\n",
       "    </tr>\n",
       "    <tr>\n",
       "      <th>K159</th>\n",
       "      <td>0.127441</td>\n",
       "      <td>0.126774</td>\n",
       "      <td>0.142355</td>\n",
       "      <td>1.000000</td>\n",
       "      <td>0.127291</td>\n",
       "      <td>0.093008</td>\n",
       "      <td>0.137559</td>\n",
       "      <td>0.155250</td>\n",
       "      <td>0.155869</td>\n",
       "      <td>0.106374</td>\n",
       "      <td>0.141637</td>\n",
       "      <td>0.076138</td>\n",
       "      <td>0.129238</td>\n",
       "      <td>0.052593</td>\n",
       "      <td>0.103964</td>\n",
       "    </tr>\n",
       "    <tr>\n",
       "      <th>K182</th>\n",
       "      <td>0.089510</td>\n",
       "      <td>0.072088</td>\n",
       "      <td>0.107490</td>\n",
       "      <td>0.127291</td>\n",
       "      <td>1.000000</td>\n",
       "      <td>0.094963</td>\n",
       "      <td>0.108372</td>\n",
       "      <td>0.100885</td>\n",
       "      <td>0.111165</td>\n",
       "      <td>0.079194</td>\n",
       "      <td>0.090139</td>\n",
       "      <td>0.065219</td>\n",
       "      <td>0.106443</td>\n",
       "      <td>0.062941</td>\n",
       "      <td>0.094585</td>\n",
       "    </tr>\n",
       "    <tr>\n",
       "      <th>K183</th>\n",
       "      <td>0.104017</td>\n",
       "      <td>0.054585</td>\n",
       "      <td>0.100270</td>\n",
       "      <td>0.093008</td>\n",
       "      <td>0.094963</td>\n",
       "      <td>1.000000</td>\n",
       "      <td>0.106369</td>\n",
       "      <td>0.115526</td>\n",
       "      <td>0.115352</td>\n",
       "      <td>0.091978</td>\n",
       "      <td>0.096550</td>\n",
       "      <td>0.061507</td>\n",
       "      <td>0.111276</td>\n",
       "      <td>0.047362</td>\n",
       "      <td>0.088587</td>\n",
       "    </tr>\n",
       "    <tr>\n",
       "      <th>K128</th>\n",
       "      <td>0.120931</td>\n",
       "      <td>0.109346</td>\n",
       "      <td>0.134906</td>\n",
       "      <td>0.137559</td>\n",
       "      <td>0.108372</td>\n",
       "      <td>0.106369</td>\n",
       "      <td>1.000000</td>\n",
       "      <td>0.140897</td>\n",
       "      <td>0.094329</td>\n",
       "      <td>0.057498</td>\n",
       "      <td>0.117653</td>\n",
       "      <td>0.061125</td>\n",
       "      <td>0.145318</td>\n",
       "      <td>0.042448</td>\n",
       "      <td>0.121776</td>\n",
       "    </tr>\n",
       "    <tr>\n",
       "      <th>K139</th>\n",
       "      <td>0.082725</td>\n",
       "      <td>0.119993</td>\n",
       "      <td>0.140125</td>\n",
       "      <td>0.155250</td>\n",
       "      <td>0.100885</td>\n",
       "      <td>0.115526</td>\n",
       "      <td>0.140897</td>\n",
       "      <td>1.000000</td>\n",
       "      <td>0.261850</td>\n",
       "      <td>0.162404</td>\n",
       "      <td>0.150823</td>\n",
       "      <td>0.087266</td>\n",
       "      <td>0.149047</td>\n",
       "      <td>0.043385</td>\n",
       "      <td>0.084684</td>\n",
       "    </tr>\n",
       "    <tr>\n",
       "      <th>K104</th>\n",
       "      <td>0.127393</td>\n",
       "      <td>0.097248</td>\n",
       "      <td>0.153556</td>\n",
       "      <td>0.155869</td>\n",
       "      <td>0.111165</td>\n",
       "      <td>0.115352</td>\n",
       "      <td>0.094329</td>\n",
       "      <td>0.261850</td>\n",
       "      <td>1.000000</td>\n",
       "      <td>0.181825</td>\n",
       "      <td>0.150986</td>\n",
       "      <td>0.080701</td>\n",
       "      <td>0.132667</td>\n",
       "      <td>0.021547</td>\n",
       "      <td>0.111975</td>\n",
       "    </tr>\n",
       "    <tr>\n",
       "      <th>K101</th>\n",
       "      <td>0.084592</td>\n",
       "      <td>0.056688</td>\n",
       "      <td>0.114953</td>\n",
       "      <td>0.106374</td>\n",
       "      <td>0.079194</td>\n",
       "      <td>0.091978</td>\n",
       "      <td>0.057498</td>\n",
       "      <td>0.162404</td>\n",
       "      <td>0.181825</td>\n",
       "      <td>1.000000</td>\n",
       "      <td>0.155794</td>\n",
       "      <td>0.059059</td>\n",
       "      <td>0.109431</td>\n",
       "      <td>0.019557</td>\n",
       "      <td>0.060633</td>\n",
       "    </tr>\n",
       "    <tr>\n",
       "      <th>K206</th>\n",
       "      <td>0.106614</td>\n",
       "      <td>0.090972</td>\n",
       "      <td>0.100978</td>\n",
       "      <td>0.141637</td>\n",
       "      <td>0.090139</td>\n",
       "      <td>0.096550</td>\n",
       "      <td>0.117653</td>\n",
       "      <td>0.150823</td>\n",
       "      <td>0.150986</td>\n",
       "      <td>0.155794</td>\n",
       "      <td>1.000000</td>\n",
       "      <td>0.071311</td>\n",
       "      <td>0.122500</td>\n",
       "      <td>0.048972</td>\n",
       "      <td>0.097644</td>\n",
       "    </tr>\n",
       "    <tr>\n",
       "      <th>K074</th>\n",
       "      <td>0.073817</td>\n",
       "      <td>0.066978</td>\n",
       "      <td>0.064384</td>\n",
       "      <td>0.076138</td>\n",
       "      <td>0.065219</td>\n",
       "      <td>0.061507</td>\n",
       "      <td>0.061125</td>\n",
       "      <td>0.087266</td>\n",
       "      <td>0.080701</td>\n",
       "      <td>0.059059</td>\n",
       "      <td>0.071311</td>\n",
       "      <td>1.000000</td>\n",
       "      <td>0.073495</td>\n",
       "      <td>0.077492</td>\n",
       "      <td>0.088799</td>\n",
       "    </tr>\n",
       "    <tr>\n",
       "      <th>K414</th>\n",
       "      <td>0.079350</td>\n",
       "      <td>0.087226</td>\n",
       "      <td>0.091266</td>\n",
       "      <td>0.129238</td>\n",
       "      <td>0.106443</td>\n",
       "      <td>0.111276</td>\n",
       "      <td>0.145318</td>\n",
       "      <td>0.149047</td>\n",
       "      <td>0.132667</td>\n",
       "      <td>0.109431</td>\n",
       "      <td>0.122500</td>\n",
       "      <td>0.073495</td>\n",
       "      <td>1.000000</td>\n",
       "      <td>0.045987</td>\n",
       "      <td>0.133020</td>\n",
       "    </tr>\n",
       "    <tr>\n",
       "      <th>K415</th>\n",
       "      <td>0.045988</td>\n",
       "      <td>0.058786</td>\n",
       "      <td>0.048786</td>\n",
       "      <td>0.052593</td>\n",
       "      <td>0.062941</td>\n",
       "      <td>0.047362</td>\n",
       "      <td>0.042448</td>\n",
       "      <td>0.043385</td>\n",
       "      <td>0.021547</td>\n",
       "      <td>0.019557</td>\n",
       "      <td>0.048972</td>\n",
       "      <td>0.077492</td>\n",
       "      <td>0.045987</td>\n",
       "      <td>1.000000</td>\n",
       "      <td>0.103293</td>\n",
       "    </tr>\n",
       "    <tr>\n",
       "      <th>K250</th>\n",
       "      <td>0.118079</td>\n",
       "      <td>0.110491</td>\n",
       "      <td>0.103033</td>\n",
       "      <td>0.103964</td>\n",
       "      <td>0.094585</td>\n",
       "      <td>0.088587</td>\n",
       "      <td>0.121776</td>\n",
       "      <td>0.084684</td>\n",
       "      <td>0.111975</td>\n",
       "      <td>0.060633</td>\n",
       "      <td>0.097644</td>\n",
       "      <td>0.088799</td>\n",
       "      <td>0.133020</td>\n",
       "      <td>0.103293</td>\n",
       "      <td>1.000000</td>\n",
       "    </tr>\n",
       "  </tbody>\n",
       "</table>\n",
       "</div>"
      ],
      "text/plain": [
       "          K704      K702      K703      K159      K182      K183      K128  \\\n",
       "K704  1.000000  0.078248  0.106316  0.127441  0.089510  0.104017  0.120931   \n",
       "K702  0.078248  1.000000  0.175842  0.126774  0.072088  0.054585  0.109346   \n",
       "K703  0.106316  0.175842  1.000000  0.142355  0.107490  0.100270  0.134906   \n",
       "K159  0.127441  0.126774  0.142355  1.000000  0.127291  0.093008  0.137559   \n",
       "K182  0.089510  0.072088  0.107490  0.127291  1.000000  0.094963  0.108372   \n",
       "K183  0.104017  0.054585  0.100270  0.093008  0.094963  1.000000  0.106369   \n",
       "K128  0.120931  0.109346  0.134906  0.137559  0.108372  0.106369  1.000000   \n",
       "K139  0.082725  0.119993  0.140125  0.155250  0.100885  0.115526  0.140897   \n",
       "K104  0.127393  0.097248  0.153556  0.155869  0.111165  0.115352  0.094329   \n",
       "K101  0.084592  0.056688  0.114953  0.106374  0.079194  0.091978  0.057498   \n",
       "K206  0.106614  0.090972  0.100978  0.141637  0.090139  0.096550  0.117653   \n",
       "K074  0.073817  0.066978  0.064384  0.076138  0.065219  0.061507  0.061125   \n",
       "K414  0.079350  0.087226  0.091266  0.129238  0.106443  0.111276  0.145318   \n",
       "K415  0.045988  0.058786  0.048786  0.052593  0.062941  0.047362  0.042448   \n",
       "K250  0.118079  0.110491  0.103033  0.103964  0.094585  0.088587  0.121776   \n",
       "\n",
       "          K139      K104      K101      K206      K074      K414      K415  \\\n",
       "K704  0.082725  0.127393  0.084592  0.106614  0.073817  0.079350  0.045988   \n",
       "K702  0.119993  0.097248  0.056688  0.090972  0.066978  0.087226  0.058786   \n",
       "K703  0.140125  0.153556  0.114953  0.100978  0.064384  0.091266  0.048786   \n",
       "K159  0.155250  0.155869  0.106374  0.141637  0.076138  0.129238  0.052593   \n",
       "K182  0.100885  0.111165  0.079194  0.090139  0.065219  0.106443  0.062941   \n",
       "K183  0.115526  0.115352  0.091978  0.096550  0.061507  0.111276  0.047362   \n",
       "K128  0.140897  0.094329  0.057498  0.117653  0.061125  0.145318  0.042448   \n",
       "K139  1.000000  0.261850  0.162404  0.150823  0.087266  0.149047  0.043385   \n",
       "K104  0.261850  1.000000  0.181825  0.150986  0.080701  0.132667  0.021547   \n",
       "K101  0.162404  0.181825  1.000000  0.155794  0.059059  0.109431  0.019557   \n",
       "K206  0.150823  0.150986  0.155794  1.000000  0.071311  0.122500  0.048972   \n",
       "K074  0.087266  0.080701  0.059059  0.071311  1.000000  0.073495  0.077492   \n",
       "K414  0.149047  0.132667  0.109431  0.122500  0.073495  1.000000  0.045987   \n",
       "K415  0.043385  0.021547  0.019557  0.048972  0.077492  0.045987  1.000000   \n",
       "K250  0.084684  0.111975  0.060633  0.097644  0.088799  0.133020  0.103293   \n",
       "\n",
       "          K250  \n",
       "K704  0.118079  \n",
       "K702  0.110491  \n",
       "K703  0.103033  \n",
       "K159  0.103964  \n",
       "K182  0.094585  \n",
       "K183  0.088587  \n",
       "K128  0.121776  \n",
       "K139  0.084684  \n",
       "K104  0.111975  \n",
       "K101  0.060633  \n",
       "K206  0.097644  \n",
       "K074  0.088799  \n",
       "K414  0.133020  \n",
       "K415  0.103293  \n",
       "K250  1.000000  "
      ]
     },
     "execution_count": 7,
     "metadata": {},
     "output_type": "execute_result"
    }
   ],
   "source": [
    "df.corr()"
   ]
  },
  {
   "cell_type": "code",
   "execution_count": 12,
   "metadata": {},
   "outputs": [
    {
     "data": {
      "text/html": [
       "<div>\n",
       "<style scoped>\n",
       "    .dataframe tbody tr th:only-of-type {\n",
       "        vertical-align: middle;\n",
       "    }\n",
       "\n",
       "    .dataframe tbody tr th {\n",
       "        vertical-align: top;\n",
       "    }\n",
       "\n",
       "    .dataframe thead th {\n",
       "        text-align: right;\n",
       "    }\n",
       "</style>\n",
       "<table border=\"1\" class=\"dataframe\">\n",
       "  <thead>\n",
       "    <tr style=\"text-align: right;\">\n",
       "      <th></th>\n",
       "      <th>K704</th>\n",
       "      <th>K702</th>\n",
       "      <th>K703</th>\n",
       "      <th>K159</th>\n",
       "      <th>K182</th>\n",
       "      <th>K183</th>\n",
       "      <th>K128</th>\n",
       "      <th>K139</th>\n",
       "      <th>K104</th>\n",
       "      <th>K101</th>\n",
       "      <th>K206</th>\n",
       "      <th>K074</th>\n",
       "      <th>K414</th>\n",
       "      <th>K415</th>\n",
       "      <th>K250</th>\n",
       "    </tr>\n",
       "  </thead>\n",
       "  <tbody>\n",
       "    <tr>\n",
       "      <th>K704</th>\n",
       "      <td>1.000000</td>\n",
       "      <td>0.327935</td>\n",
       "      <td>0.303283</td>\n",
       "      <td>0.245428</td>\n",
       "      <td>0.137387</td>\n",
       "      <td>0.276432</td>\n",
       "      <td>0.151059</td>\n",
       "      <td>0.105649</td>\n",
       "      <td>0.101184</td>\n",
       "      <td>0.262964</td>\n",
       "      <td>0.314449</td>\n",
       "      <td>0.272012</td>\n",
       "      <td>0.210850</td>\n",
       "      <td>0.256859</td>\n",
       "      <td>0.309199</td>\n",
       "    </tr>\n",
       "    <tr>\n",
       "      <th>K702</th>\n",
       "      <td>0.327935</td>\n",
       "      <td>1.000000</td>\n",
       "      <td>0.378605</td>\n",
       "      <td>0.194628</td>\n",
       "      <td>0.114123</td>\n",
       "      <td>0.235298</td>\n",
       "      <td>0.129989</td>\n",
       "      <td>0.059931</td>\n",
       "      <td>0.077132</td>\n",
       "      <td>0.205035</td>\n",
       "      <td>0.243769</td>\n",
       "      <td>0.234670</td>\n",
       "      <td>0.173770</td>\n",
       "      <td>0.243675</td>\n",
       "      <td>0.307408</td>\n",
       "    </tr>\n",
       "    <tr>\n",
       "      <th>K703</th>\n",
       "      <td>0.303283</td>\n",
       "      <td>0.378605</td>\n",
       "      <td>1.000000</td>\n",
       "      <td>0.187110</td>\n",
       "      <td>0.114892</td>\n",
       "      <td>0.239710</td>\n",
       "      <td>0.119873</td>\n",
       "      <td>0.104402</td>\n",
       "      <td>0.096680</td>\n",
       "      <td>0.229818</td>\n",
       "      <td>0.229469</td>\n",
       "      <td>0.209036</td>\n",
       "      <td>0.140950</td>\n",
       "      <td>0.198399</td>\n",
       "      <td>0.256882</td>\n",
       "    </tr>\n",
       "    <tr>\n",
       "      <th>K159</th>\n",
       "      <td>0.245428</td>\n",
       "      <td>0.194628</td>\n",
       "      <td>0.187110</td>\n",
       "      <td>1.000000</td>\n",
       "      <td>0.161749</td>\n",
       "      <td>0.200756</td>\n",
       "      <td>0.108461</td>\n",
       "      <td>0.247812</td>\n",
       "      <td>0.190578</td>\n",
       "      <td>0.176081</td>\n",
       "      <td>0.197116</td>\n",
       "      <td>0.216860</td>\n",
       "      <td>0.289595</td>\n",
       "      <td>0.163818</td>\n",
       "      <td>0.186515</td>\n",
       "    </tr>\n",
       "    <tr>\n",
       "      <th>K182</th>\n",
       "      <td>0.137387</td>\n",
       "      <td>0.114123</td>\n",
       "      <td>0.114892</td>\n",
       "      <td>0.161749</td>\n",
       "      <td>1.000000</td>\n",
       "      <td>0.127281</td>\n",
       "      <td>0.047400</td>\n",
       "      <td>0.059955</td>\n",
       "      <td>0.055626</td>\n",
       "      <td>0.113005</td>\n",
       "      <td>0.115951</td>\n",
       "      <td>0.115149</td>\n",
       "      <td>0.169775</td>\n",
       "      <td>0.108976</td>\n",
       "      <td>0.118520</td>\n",
       "    </tr>\n",
       "    <tr>\n",
       "      <th>K183</th>\n",
       "      <td>0.276432</td>\n",
       "      <td>0.235298</td>\n",
       "      <td>0.239710</td>\n",
       "      <td>0.200756</td>\n",
       "      <td>0.127281</td>\n",
       "      <td>1.000000</td>\n",
       "      <td>0.178849</td>\n",
       "      <td>0.134625</td>\n",
       "      <td>0.115717</td>\n",
       "      <td>0.233809</td>\n",
       "      <td>0.260860</td>\n",
       "      <td>0.247719</td>\n",
       "      <td>0.168844</td>\n",
       "      <td>0.196959</td>\n",
       "      <td>0.265112</td>\n",
       "    </tr>\n",
       "    <tr>\n",
       "      <th>K128</th>\n",
       "      <td>0.151059</td>\n",
       "      <td>0.129989</td>\n",
       "      <td>0.119873</td>\n",
       "      <td>0.108461</td>\n",
       "      <td>0.047400</td>\n",
       "      <td>0.178849</td>\n",
       "      <td>1.000000</td>\n",
       "      <td>0.044064</td>\n",
       "      <td>0.074564</td>\n",
       "      <td>0.129159</td>\n",
       "      <td>0.127248</td>\n",
       "      <td>0.138273</td>\n",
       "      <td>0.085457</td>\n",
       "      <td>0.116703</td>\n",
       "      <td>0.134687</td>\n",
       "    </tr>\n",
       "    <tr>\n",
       "      <th>K139</th>\n",
       "      <td>0.105649</td>\n",
       "      <td>0.059931</td>\n",
       "      <td>0.104402</td>\n",
       "      <td>0.247812</td>\n",
       "      <td>0.059955</td>\n",
       "      <td>0.134625</td>\n",
       "      <td>0.044064</td>\n",
       "      <td>1.000000</td>\n",
       "      <td>0.266713</td>\n",
       "      <td>0.111946</td>\n",
       "      <td>0.142880</td>\n",
       "      <td>0.132673</td>\n",
       "      <td>0.224163</td>\n",
       "      <td>0.054621</td>\n",
       "      <td>0.096971</td>\n",
       "    </tr>\n",
       "    <tr>\n",
       "      <th>K104</th>\n",
       "      <td>0.101184</td>\n",
       "      <td>0.077132</td>\n",
       "      <td>0.096680</td>\n",
       "      <td>0.190578</td>\n",
       "      <td>0.055626</td>\n",
       "      <td>0.115717</td>\n",
       "      <td>0.074564</td>\n",
       "      <td>0.266713</td>\n",
       "      <td>1.000000</td>\n",
       "      <td>0.110589</td>\n",
       "      <td>0.118366</td>\n",
       "      <td>0.120335</td>\n",
       "      <td>0.143175</td>\n",
       "      <td>0.051695</td>\n",
       "      <td>0.077955</td>\n",
       "    </tr>\n",
       "    <tr>\n",
       "      <th>K101</th>\n",
       "      <td>0.262964</td>\n",
       "      <td>0.205035</td>\n",
       "      <td>0.229818</td>\n",
       "      <td>0.176081</td>\n",
       "      <td>0.113005</td>\n",
       "      <td>0.233809</td>\n",
       "      <td>0.129159</td>\n",
       "      <td>0.111946</td>\n",
       "      <td>0.110589</td>\n",
       "      <td>1.000000</td>\n",
       "      <td>0.289892</td>\n",
       "      <td>0.215748</td>\n",
       "      <td>0.169760</td>\n",
       "      <td>0.191205</td>\n",
       "      <td>0.226939</td>\n",
       "    </tr>\n",
       "    <tr>\n",
       "      <th>K206</th>\n",
       "      <td>0.314449</td>\n",
       "      <td>0.243769</td>\n",
       "      <td>0.229469</td>\n",
       "      <td>0.197116</td>\n",
       "      <td>0.115951</td>\n",
       "      <td>0.260860</td>\n",
       "      <td>0.127248</td>\n",
       "      <td>0.142880</td>\n",
       "      <td>0.118366</td>\n",
       "      <td>0.289892</td>\n",
       "      <td>1.000000</td>\n",
       "      <td>0.251128</td>\n",
       "      <td>0.207690</td>\n",
       "      <td>0.227944</td>\n",
       "      <td>0.280719</td>\n",
       "    </tr>\n",
       "    <tr>\n",
       "      <th>K074</th>\n",
       "      <td>0.272012</td>\n",
       "      <td>0.234670</td>\n",
       "      <td>0.209036</td>\n",
       "      <td>0.216860</td>\n",
       "      <td>0.115149</td>\n",
       "      <td>0.247719</td>\n",
       "      <td>0.138273</td>\n",
       "      <td>0.132673</td>\n",
       "      <td>0.120335</td>\n",
       "      <td>0.215748</td>\n",
       "      <td>0.251128</td>\n",
       "      <td>1.000000</td>\n",
       "      <td>0.211576</td>\n",
       "      <td>0.213219</td>\n",
       "      <td>0.249353</td>\n",
       "    </tr>\n",
       "    <tr>\n",
       "      <th>K414</th>\n",
       "      <td>0.210850</td>\n",
       "      <td>0.173770</td>\n",
       "      <td>0.140950</td>\n",
       "      <td>0.289595</td>\n",
       "      <td>0.169775</td>\n",
       "      <td>0.168844</td>\n",
       "      <td>0.085457</td>\n",
       "      <td>0.224163</td>\n",
       "      <td>0.143175</td>\n",
       "      <td>0.169760</td>\n",
       "      <td>0.207690</td>\n",
       "      <td>0.211576</td>\n",
       "      <td>1.000000</td>\n",
       "      <td>0.201711</td>\n",
       "      <td>0.249522</td>\n",
       "    </tr>\n",
       "    <tr>\n",
       "      <th>K415</th>\n",
       "      <td>0.256859</td>\n",
       "      <td>0.243675</td>\n",
       "      <td>0.198399</td>\n",
       "      <td>0.163818</td>\n",
       "      <td>0.108976</td>\n",
       "      <td>0.196959</td>\n",
       "      <td>0.116703</td>\n",
       "      <td>0.054621</td>\n",
       "      <td>0.051695</td>\n",
       "      <td>0.191205</td>\n",
       "      <td>0.227944</td>\n",
       "      <td>0.213219</td>\n",
       "      <td>0.201711</td>\n",
       "      <td>1.000000</td>\n",
       "      <td>0.360593</td>\n",
       "    </tr>\n",
       "    <tr>\n",
       "      <th>K250</th>\n",
       "      <td>0.309199</td>\n",
       "      <td>0.307408</td>\n",
       "      <td>0.256882</td>\n",
       "      <td>0.186515</td>\n",
       "      <td>0.118520</td>\n",
       "      <td>0.265112</td>\n",
       "      <td>0.134687</td>\n",
       "      <td>0.096971</td>\n",
       "      <td>0.077955</td>\n",
       "      <td>0.226939</td>\n",
       "      <td>0.280719</td>\n",
       "      <td>0.249353</td>\n",
       "      <td>0.249522</td>\n",
       "      <td>0.360593</td>\n",
       "      <td>1.000000</td>\n",
       "    </tr>\n",
       "  </tbody>\n",
       "</table>\n",
       "</div>"
      ],
      "text/plain": [
       "          K704      K702      K703      K159      K182      K183      K128  \\\n",
       "K704  1.000000  0.327935  0.303283  0.245428  0.137387  0.276432  0.151059   \n",
       "K702  0.327935  1.000000  0.378605  0.194628  0.114123  0.235298  0.129989   \n",
       "K703  0.303283  0.378605  1.000000  0.187110  0.114892  0.239710  0.119873   \n",
       "K159  0.245428  0.194628  0.187110  1.000000  0.161749  0.200756  0.108461   \n",
       "K182  0.137387  0.114123  0.114892  0.161749  1.000000  0.127281  0.047400   \n",
       "K183  0.276432  0.235298  0.239710  0.200756  0.127281  1.000000  0.178849   \n",
       "K128  0.151059  0.129989  0.119873  0.108461  0.047400  0.178849  1.000000   \n",
       "K139  0.105649  0.059931  0.104402  0.247812  0.059955  0.134625  0.044064   \n",
       "K104  0.101184  0.077132  0.096680  0.190578  0.055626  0.115717  0.074564   \n",
       "K101  0.262964  0.205035  0.229818  0.176081  0.113005  0.233809  0.129159   \n",
       "K206  0.314449  0.243769  0.229469  0.197116  0.115951  0.260860  0.127248   \n",
       "K074  0.272012  0.234670  0.209036  0.216860  0.115149  0.247719  0.138273   \n",
       "K414  0.210850  0.173770  0.140950  0.289595  0.169775  0.168844  0.085457   \n",
       "K415  0.256859  0.243675  0.198399  0.163818  0.108976  0.196959  0.116703   \n",
       "K250  0.309199  0.307408  0.256882  0.186515  0.118520  0.265112  0.134687   \n",
       "\n",
       "          K139      K104      K101      K206      K074      K414      K415  \\\n",
       "K704  0.105649  0.101184  0.262964  0.314449  0.272012  0.210850  0.256859   \n",
       "K702  0.059931  0.077132  0.205035  0.243769  0.234670  0.173770  0.243675   \n",
       "K703  0.104402  0.096680  0.229818  0.229469  0.209036  0.140950  0.198399   \n",
       "K159  0.247812  0.190578  0.176081  0.197116  0.216860  0.289595  0.163818   \n",
       "K182  0.059955  0.055626  0.113005  0.115951  0.115149  0.169775  0.108976   \n",
       "K183  0.134625  0.115717  0.233809  0.260860  0.247719  0.168844  0.196959   \n",
       "K128  0.044064  0.074564  0.129159  0.127248  0.138273  0.085457  0.116703   \n",
       "K139  1.000000  0.266713  0.111946  0.142880  0.132673  0.224163  0.054621   \n",
       "K104  0.266713  1.000000  0.110589  0.118366  0.120335  0.143175  0.051695   \n",
       "K101  0.111946  0.110589  1.000000  0.289892  0.215748  0.169760  0.191205   \n",
       "K206  0.142880  0.118366  0.289892  1.000000  0.251128  0.207690  0.227944   \n",
       "K074  0.132673  0.120335  0.215748  0.251128  1.000000  0.211576  0.213219   \n",
       "K414  0.224163  0.143175  0.169760  0.207690  0.211576  1.000000  0.201711   \n",
       "K415  0.054621  0.051695  0.191205  0.227944  0.213219  0.201711  1.000000   \n",
       "K250  0.096971  0.077955  0.226939  0.280719  0.249353  0.249522  0.360593   \n",
       "\n",
       "          K250  \n",
       "K704  0.309199  \n",
       "K702  0.307408  \n",
       "K703  0.256882  \n",
       "K159  0.186515  \n",
       "K182  0.118520  \n",
       "K183  0.265112  \n",
       "K128  0.134687  \n",
       "K139  0.096971  \n",
       "K104  0.077955  \n",
       "K101  0.226939  \n",
       "K206  0.280719  \n",
       "K074  0.249353  \n",
       "K414  0.249522  \n",
       "K415  0.360593  \n",
       "K250  1.000000  "
      ]
     },
     "execution_count": 12,
     "metadata": {},
     "output_type": "execute_result"
    }
   ],
   "source": [
    "df.corr()"
   ]
  },
  {
   "attachments": {},
   "cell_type": "markdown",
   "metadata": {},
   "source": [
    "#### ---------------------------- METR-LA data processing ---------------------------- "
   ]
  },
  {
   "cell_type": "code",
   "execution_count": 19,
   "metadata": {},
   "outputs": [],
   "source": [
    "# declare the variables\n",
    "data_name = 'METR-LA'\n",
    "MODELS = [\"AE\", \"DAE\", \"HST\", \"PW-AE\", \"xStream\", \"Kit-Net\", \"ILOF\"]\n",
    "# MODELS = [\"AE\",\"DAE\",\"PW-AE\"]\n",
    "# MODELS = [\"AE\"]\n",
    "thresholds = [0, 0.1, 0.2, 0.3, 0.4, 0.5, 0.6,0.7,0.8,0.9, 1]\n",
    "earths_movers_distance = True"
   ]
  },
  {
   "cell_type": "code",
   "execution_count": 20,
   "metadata": {},
   "outputs": [
    {
     "name": "stdout",
     "output_type": "stream",
     "text": [
      "processing data METR-LA and model - AE \n",
      "processing data METR-LA and model - DAE \n",
      "processing data METR-LA and model - PW-AE \n"
     ]
    }
   ],
   "source": [
    "for model_name in MODELS:\n",
    "    print(f\"processing data {data_name} and model - {model_name} \")\n",
    "    model_name = model_name\n",
    "    outlier_score_path = f'../results/{data_name}/outlier_scores/{model_name}'  # path to outlier scores\n",
    "    if earths_movers_distance:\n",
    "        outlier_score_path = outlier_score_path + \"_EMD\"\n",
    "    correlated_results = {}\n",
    "    # for each trajectory, direction and intersection, run AE model\n",
    "    df = base_df_metr()\n",
    "    for intersection in os.listdir(outlier_score_path):\n",
    "        if intersection.endswith('.csv'):\n",
    "            intersection = intersection.split('.')[0]\n",
    "            file_path = os.path.join(outlier_score_path,intersection+'.csv')\n",
    "            df_intersection = pd.read_csv(file_path) # load outlier scores\n",
    "            df_intersection['timestamp'] = pd.to_datetime(df_intersection['timestamp']) # convert timestamp to datetime\n",
    "            df_intersection.set_index('timestamp',inplace=True) # set timestamp as index\n",
    "            df_intersection = df_intersection.rename(columns={'outlier_score':intersection})\n",
    "            df = df.merge(df_intersection, on='timestamp', how='inner') # merge outlier scores with base df\n",
    "    # save the results\n",
    "    normalized_df=(df-df.min())/(df.max()-df.min()) # apply min-max normalization\n",
    "    correlated_results['df']= normalized_df\n",
    "\n",
    "\n",
    "    # save the results as pickle file\n",
    "    with open(f'../results/{data_name}/outlier_scores/{model_name}/correlated_results.pickle', 'wb') as f:\n",
    "        pickle.dump(correlated_results,f)"
   ]
  },
  {
   "cell_type": "code",
   "execution_count": null,
   "metadata": {},
   "outputs": [],
   "source": []
  },
  {
   "attachments": {},
   "cell_type": "markdown",
   "metadata": {},
   "source": [
    "# DATA ANALYSIS"
   ]
  },
  {
   "cell_type": "code",
   "execution_count": 166,
   "metadata": {},
   "outputs": [],
   "source": [
    "# load the outlier score for haugue dataset\n",
    "data_name = 'hauge'\n",
    "model_name = 'PW-AE'\n",
    "with open(f'../results/{data_name}/outlier_scores/{model_name}/correlated_results.pickle', 'rb') as f:\n",
    "    correlated_results = pickle.load(f)"
   ]
  },
  {
   "cell_type": "code",
   "execution_count": 167,
   "metadata": {},
   "outputs": [
    {
     "data": {
      "text/plain": [
       "<Axes: xlabel='timestamp'>"
      ]
     },
     "execution_count": 167,
     "metadata": {},
     "output_type": "execute_result"
    },
    {
     "data": {
